NOT SORTED -235NOT SORTED 0NOT SORTED 0
 Stack A      Stack B 
----------------------
  3861    |     3931
  3870    |     3841
  3898    |     3846
  3938    |     3827
  3996    |     3838
          |     3828
          |     3852
          |     3811
          |     3770
          |     3707
          |     3574
          |     3681
          |     3641
          |     3601
          |     3611
          |     3463
          |     3478
          |     3290
          |     3264
          |     3650
          |     3452
          |     3405
          |     3417
          |     3671
          |     3324
          |     3556
          |     3353
          |     3544
          |     3512
          |     3292
          |     2974
          |     2623
          |     2807
          |     3232
          |     3103
          |     2889
          |     2481
          |     2740
          |     2744
          |     2771
          |     2913
          |     2814
          |     2671
          |     2820
          |     2515
          |     2945
          |     3088
          |     3119
          |     2878
          |     2475
          |     2694
          |     3034
          |     3004
          |     2770
          |     2899
          |     3109
          |     3137
          |     2552
          |     3180
          |     3083
          |     3255
          |     3165
          |     2975
          |     2905
          |     2888
          |     2696
          |     3206
          |     2704
          |     2255
          |      918
          |     1665
          |     2399
          |      578
          |      440
          |     2424
          |     1058
          |     1366
          |     1578
          |      733
          |     1176
          |     1225
          |     1100
          |      945
          |     1491
          |      526
          |     1048
          |     2077
          |     2299
          |     1151
          |     1337
          |     1170
          |      693
          |     1589
          |     2264
          |     1289
          |      917
          |     2357
          |     2034
          |      550
          |      637
          |     1066
          |     1385
          |     2454
          |      639
          |     1397
          |     2045
          |      606
          |      862
          |      617
          |      587
          |     2325
          |     1384
          |     1104
          |     1766
          |      643
          |     1915
          |     1120
          |     1982
          |     1430
          |     2362
          |     1548
          |     1194
          |     1911
          |     1894
          |     2355
          |     1083
          |     2089
          |      840
          |     1693
          |     1987
          |     2266
          |      459
          |     1872
          |      911
          |     1476
          |     1443
          |     2186
          |     2259
          |     1370
          |     1230
          |     1507
          |     1160
          |     2460
          |    -1669
          |    -2899
          |    -1115
          |    -2247
          |    -1878
          |    -1782
          |       77
          |    -2382
          |     -385
          |    -2907
          |    -1984
          |    -2485
          |    -1101
          |     -183
          |    -1290
          |    -2010
          |     -302
          |    -2420
          |    -1798
          |    -1499
          |      138
          |    -1465
          |     -848
          |    -1158
          |    -1985
          |    -2799
          |    -1277
          |      -88
          |    -2144
          |    -1931
          |    -2187
          |      230
          |    -2391
          |    -1591
          |    -2073
          |     -571
          |     -656
          |    -1505
          |    -1751
          |     -108
          |     -965
          |     -976
          |    -1837
          |    -2708
          |    -2825
          |       43
          |     -408
          |      297
          |     -523
          |       57
          |    -1576
          |     -725
          |     -577
          |      134
          |    -2245
          |    -1859
          |     -104
          |    -2153
          |    -1846
          |     -878
          |    -2533
          |    -2226
          |    -1114
          |    -2277
          |     -426
          |    -1868
          |     -397
          |    -2733
          |     -360
          |     -338
          |     -458
          |    -1022
          |      301
          |     -198
          |    -1567
          |    -1855
          |      264
          |    -1909
          |    -1601
          |      388
          |      -41
          |     -244
          |    -2975
          |    -2657
          |     -402
          |    -1519
          |    -2352
          |    -2692
          |     -326
          |      273
          |     -405
          |    -2884
          |    -2043
          |    -2614
          |    -1790
          |    -2298
          |    -1378
          |     -205
          |       59
          |     -528
          |    -2786
          |     -581
          |     -288
          |    -2821
          |     -793
          |     -588
          |    -2429
          |    -1912
          |    -2890
          |     -101
          |      121
          |      -89
          |    -1949
          |    -1226
          |     -681
          |      -26
          |     -934
          |    -2642
          |     -820
          |    -1435
          |      159
          |    -2067
          |    -2092
          |    -1618
          |     -891
          |     -823
          |    -2855
          |      415
          |    -2446
          |    -1762
          |     -317
          |    -1594
          |      120
          |     -616
          |    -2805
          |     -928
          |    -2771
          |    -2192
          |    -1641
          |      406
          |    -2176
          |     -971
          |    -2097
          |    -1992
          |    -1218
          |    -1836
          |    -2626
          |    -2703
          |    -1282
          |     -235
          |     -333
----------------------

 Stack A      Stack B 
----------------------
 -2975    |    
 -2907    |    
 -2899    |    
 -2890    |    
 -2884    |    
 -2855    |    
 -2825    |    
 -2821    |    
 -2805    |    
 -2799    |    
 -2786    |    
 -2771    |    
 -2733    |    
 -2708    |    
 -2703    |    
 -2692    |    
 -2657    |    
 -2642    |    
 -2626    |    
 -2614    |    
 -2533    |    
 -2485    |    
 -2446    |    
 -2429    |    
 -2420    |    
 -2391    |    
 -2382    |    
 -2352    |    
 -2298    |    
 -2277    |    
 -2247    |    
 -2245    |    
 -2226    |    
 -2192    |    
 -2187    |    
 -2176    |    
 -2153    |    
 -2144    |    
 -2097    |    
 -2092    |    
 -2073    |    
 -2067    |    
 -2043    |    
 -2010    |    
 -1992    |    
 -1985    |    
 -1984    |    
 -1949    |    
 -1931    |    
 -1912    |    
 -1909    |    
 -1878    |    
 -1868    |    
 -1859    |    
 -1855    |    
 -1846    |    
 -1837    |    
 -1836    |    
 -1798    |    
 -1790    |    
 -1782    |    
 -1762    |    
 -1751    |    
 -1669    |    
 -1641    |    
 -1618    |    
 -1601    |    
 -1594    |    
 -1591    |    
 -1576    |    
 -1567    |    
 -1519    |    
 -1505    |    
 -1499    |    
 -1465    |    
 -1435    |    
 -1378    |    
 -1290    |    
 -1282    |    
 -1277    |    
 -1226    |    
 -1218    |    
 -1158    |    
 -1115    |    
 -1114    |    
 -1101    |    
 -1022    |    
  -976    |    
  -971    |    
  -965    |    
  -934    |    
  -928    |    
  -891    |    
  -878    |    
  -848    |    
  -823    |    
  -820    |    
  -793    |    
  -725    |    
  -681    |    
  -656    |    
  -616    |    
  -588    |    
  -581    |    
  -577    |    
  -571    |    
  -528    |    
  -523    |    
  -458    |    
  -426    |    
  -408    |    
  -405    |    
  -402    |    
  -397    |    
  -385    |    
  -360    |    
  -338    |    
  -333    |    
  -326    |    
  -317    |    
  -302    |    
  -288    |    
  -244    |    
  -235    |    
  -205    |    
  -198    |    
  -183    |    
  -108    |    
  -104    |    
  -101    |    
   -89    |    
   -88    |    
   -41    |    
   -26    |    
    43    |    
    57    |    
    59    |    
    77    |    
   120    |    
   121    |    
   134    |    
   138    |    
   159    |    
   230    |    
   264    |    
   273    |    
   297    |    
   301    |    
   388    |    
   406    |    
   415    |    
   440    |    
   459    |    
   526    |    
   550    |    
   578    |    
   587    |    
   606    |    
   617    |    
   637    |    
   639    |    
   643    |    
   693    |    
   733    |    
   840    |    
   862    |    
   911    |    
   917    |    
   918    |    
   945    |    
  1048    |    
  1058    |    
  1066    |    
  1083    |    
  1100    |    
  1104    |    
  1120    |    
  1151    |    
  1160    |    
  1170    |    
  1176    |    
  1194    |    
  1225    |    
  1230    |    
  1289    |    
  1337    |    
  1366    |    
  1370    |    
  1384    |    
  1385    |    
  1397    |    
  1430    |    
  1443    |    
  1476    |    
  1491    |    
  1507    |    
  1548    |    
  1578    |    
  1589    |    
  1665    |    
  1693    |    
  1766    |    
  1872    |    
  1894    |    
  1911    |    
  1915    |    
  1982    |    
  1987    |    
  2034    |    
  2045    |    
  2077    |    
  2089    |    
  2186    |    
  2255    |    
  2259    |    
  2264    |    
  2266    |    
  2299    |    
  2325    |    
  2355    |    
  2357    |    
  2362    |    
  2399    |    
  2424    |    
  2454    |    
  2460    |    
  2475    |    
  2481    |    
  2515    |    
  2552    |    
  2623    |    
  2671    |    
  2694    |    
  2696    |    
  2704    |    
  2740    |    
  2744    |    
  2770    |    
  2771    |    
  2807    |    
  2814    |    
  2820    |    
  2878    |    
  2888    |    
  2889    |    
  2899    |    
  2905    |    
  2913    |    
  2945    |    
  2974    |    
  2975    |    
  3004    |    
  3034    |    
  3083    |    
  3088    |    
  3103    |    
  3109    |    
  3119    |    
  3137    |    
  3165    |    
  3180    |    
  3206    |    
  3232    |    
  3255    |    
  3264    |    
  3290    |    
  3292    |    
  3324    |    
  3353    |    
  3405    |    
  3417    |    
  3452    |    
  3463    |    
  3478    |    
  3512    |    
  3544    |    
  3556    |    
  3574    |    
  3601    |    
  3611    |    
  3641    |    
  3650    |    
  3671    |    
  3681    |    
  3707    |    
  3770    |    
  3811    |    
  3827    |    
  3828    |    
  3838    |    
  3841    |    
  3846    |    
  3852    |    
  3861    |    
  3931    |    
  3870    |    
  3898    |    
  3938    |    
  3996    |    
----------------------
NOT SORTED 3931NOT SORTED 297NOT SORTED 295